16
0 0 1	
18 0 0
38 0 0
58 0 1
0 14 0
18 14 0
38 14 0	
58 14 0
0 28 0
18 28 0
38 28 0
58 28 0
0 42 0
18 42 0
0 56 0
18 56 0
0
20
1 5 210 2 180 200 0 0
2 6 210 2 180 200 0 0
3 7 210 2 180 200 0 0
4 8 210 2 180 200 0 0
5 6 210 1 300 250 15 20
6 7 210 1 300 250 15 20
7 8 210 1 300 250 15 20
5 9 210 2 180 200 0 0
6 10 210 2 180 200 0 0
7 11 210 2 180 200 0 0
8 12 210 2 180 200 0 0
9 10 210 1 300 250 15 20
10 11 210 1 300 250 15 20
11 12 210 1 300 250 15 20
9 13 210 2 180 200 0 0
10 14 210 2 180 200 0 0
13 14 210 1 300 250 15 20
13 15 210 2 180 200 0 0
14 16 210 2 180 200 0 0
15 16 210 1 300 250 15 20
7
0 9 10 100000 0 5.4
0 10 14 40000 45 7
0 15 16 58000 0 0
1 5 6 9000 9000 0
1 13 14 8000 8000 0
1 6 8 6000 6000 0
1 1 15 10000 14000 0
1
15 -300000